CSF-CUF RESPONSE
======================
problem.type = torsion_halfwave

STATION RESPONSES
-----------------
x/L       x [mm]             y [mm]               z [mm]               point         ux [mm]             uy [mm]             uz [mm]
 0.00     0.000000000000e+00  0.000000000000e+00  0.000000000000e+00  center        3.866716496577e-11  -1.063041856996e-11  -3.976536538024e-11
 0.00     0.000000000000e+00  -3.300000000000e+01  7.500000000000e+01  plus          4.265979169313e-10  -3.996130312041e-10  2.711769889197e-10
 0.00     0.000000000000e+00  1.250000000000e+01  -5.000000000000e+01  minus         3.464856623334e-11  1.488623928409e-11  3.745847771226e-11
 0.00     0.000000000000e+00  0.000000000000e+00  -5.000000000000e+01  bottom_mid    6.538893962700e-11  -1.506233357618e-12  -1.048244266322e-11
 0.05     5.000000000000e+01  0.000000000000e+00  0.000000000000e+00  center        5.437436870203e-05  -6.738528436285e-03  -5.033621992856e-05
 0.05     5.000000000000e+01  -3.252500000000e+01  7.387500000000e+01  plus          5.703409785227e-04  5.333765642349e-03  6.258265519945e-03
 0.05     5.000000000000e+01  1.231250000000e+01  -4.925000000000e+01  minus         4.387120053156e-03  -1.361247314342e-02  -1.503806196548e-03
 0.05     5.000000000000e+01  0.000000000000e+00  -4.925000000000e+01  bottom_mid    1.651734147548e-05  -1.340806914231e-02  -8.182196467238e-05
 0.10     1.000000000000e+02  0.000000000000e+00  0.000000000000e+00  center        9.285368929136e-05  -2.057599793744e-02  -4.139120111609e-05
 0.10     1.000000000000e+02  -3.205000000000e+01  7.275000000000e+01  plus          1.051869076205e-03  1.371640429438e-02  1.614626023894e-02
 0.10     1.000000000000e+02  1.212500000000e+01  -4.850000000000e+01  minus         6.948320967798e-03  -4.226002367756e-02  -5.668856611435e-03
 0.10     1.000000000000e+02  0.000000000000e+00  -4.850000000000e+01  bottom_mid    -5.524442115624e-05  -4.221888910082e-02  -5.721365786852e-05
 0.15     1.500000000000e+02  0.000000000000e+00  0.000000000000e+00  center        1.148699468625e-04  -3.721840257386e-02  3.503969704770e-06
 0.15     1.500000000000e+02  -3.157500000000e+01  7.162500000000e+01  plus          9.559454770678e-04  2.271740591275e-02  2.776850654105e-02
 0.15     1.500000000000e+02  1.193750000000e+01  -4.775000000000e+01  minus         7.686322881515e-03  -7.629985851014e-02  -1.016321941382e-02
 0.15     1.500000000000e+02  0.000000000000e+00  -4.775000000000e+01  bottom_mid    3.110195646310e-05  -7.642855550130e-02  -3.698356446684e-05
 0.20     2.000000000000e+02  0.000000000000e+00  0.000000000000e+00  center        1.210018308832e-04  -5.404750051266e-02  6.714787825782e-05
 0.20     2.000000000000e+02  -3.110000000000e+01  7.050000000000e+01  plus          1.112663971139e-03  3.152693183377e-02  3.915118801915e-02
 0.20     2.000000000000e+02  1.175000000000e+01  -4.700000000000e+01  minus         7.148028836351e-03  -1.109117526627e-01  -1.478958161141e-02
 0.20     2.000000000000e+02  0.000000000000e+00  -4.700000000000e+01  bottom_mid    6.989295653584e-05  -1.107844500851e-01  -2.780557678261e-05
 0.25     2.500000000000e+02  0.000000000000e+00  0.000000000000e+00  center        1.127320961653e-04  -6.964270342088e-02  1.372075239019e-04
 0.25     2.500000000000e+02  -3.062500000000e+01  6.937500000000e+01  plus          1.338831959838e-03  3.950665575161e-02  4.963885588976e-02
 0.25     2.500000000000e+02  1.156250000000e+01  -4.625000000000e+01  minus         6.280842396485e-03  -1.426791063407e-01  -1.902153374778e-02
 0.25     2.500000000000e+02  0.000000000000e+00  -4.625000000000e+01  bottom_mid    6.733384826067e-05  -1.423202263230e-01  3.098860763295e-05
 0.30     3.000000000000e+02  0.000000000000e+00  0.000000000000e+00  center        9.222516700618e-05  -8.337275809407e-02  2.051169630622e-04
 0.30     3.000000000000e+02  -3.015000000000e+01  6.825000000000e+01  plus          1.345949156974e-03  4.638172183983e-02  5.910813882535e-02
 0.30     3.000000000000e+02  1.137500000000e+01  -4.550000000000e+01  minus         5.418788009019e-03  -1.702163090769e-01  -2.258660911766e-02
 0.30     3.000000000000e+02  0.000000000000e+00  -4.550000000000e+01  bottom_mid    9.899580049363e-05  -1.697525774817e-01  9.101051218457e-05
 0.35     3.500000000000e+02  0.000000000000e+00  0.000000000000e+00  center        6.212505336095e-05  -9.505722032350e-02  2.651358368430e-04
 0.35     3.500000000000e+02  -2.967500000000e+01  6.712500000000e+01  plus          1.283762002258e-03  5.230801715447e-02  6.733461640343e-02
 0.35     3.500000000000e+02  1.118750000000e+01  -4.475000000000e+01  minus         4.535675696485e-03  -1.934895059989e-01  -2.553044010912e-02
 0.35     3.500000000000e+02  0.000000000000e+00  -4.475000000000e+01  bottom_mid    1.366988770130e-04  -1.929520878755e-01  1.119128663147e-04
 0.40     4.000000000000e+02  0.000000000000e+00  0.000000000000e+00  center        2.537354629609e-05  -1.046977210087e-01  3.135677502613e-04
 0.40     4.000000000000e+02  -2.920000000000e+01  6.600000000000e+01  plus          1.309408007620e-03  5.739270498258e-02  7.413102169035e-02
 0.40     4.000000000000e+02  1.100000000000e+01  -4.400000000000e+01  minus         3.607071304745e-03  -2.127976173650e-01  -2.797886610383e-02
 0.40     4.000000000000e+02  0.000000000000e+00  -4.400000000000e+01  bottom_mid    1.102025039476e-04  -2.121977600851e-01  1.170561005186e-04
 0.45     4.500000000000e+02  0.000000000000e+00  0.000000000000e+00  center        -1.495125956421e-05  -1.122790244980e-01  3.481385464679e-04
 0.45     4.500000000000e+02  -2.872500000000e+01  6.487500000000e+01  plus          1.362566633996e-03  6.144491468062e-02  7.941755844118e-02
 0.45     4.500000000000e+02  1.081250000000e+01  -4.325000000000e+01  minus         2.662781783117e-03  -2.281666005960e-01  -2.997417432762e-02
 0.45     4.500000000000e+02  0.000000000000e+00  -4.325000000000e+01  bottom_mid    1.361866958874e-05  -2.275508392785e-01  1.448499968072e-04
 0.50     5.000000000000e+02  0.000000000000e+00  0.000000000000e+00  center        -5.577616078256e-05  -1.176398791782e-01  3.675344370407e-04
 0.50     5.000000000000e+02  -2.825000000000e+01  6.375000000000e+01  plus          1.320351209366e-03  6.412424962558e-02  8.306669234993e-02
 0.50     5.000000000000e+02  1.062500000000e+01  -4.250000000000e+01  minus         1.697665119838e-03  -2.391577385086e-01  -3.144467470951e-02
 0.50     5.000000000000e+02  0.000000000000e+00  -4.250000000000e+01  bottom_mid    -8.953429864350e-05  -2.385664974280e-01  1.974836694257e-04
 0.55     5.500000000000e+02  0.000000000000e+00  0.000000000000e+00  center        -9.415375469703e-05  -1.204136602977e-01  3.710999999686e-04
 0.55     5.500000000000e+02  -2.777500000000e+01  6.262500000000e+01  plus          1.157374924379e-03  6.514719608060e-02  8.478880716253e-02
 0.55     5.500000000000e+02  1.043750000000e+01  -4.175000000000e+01  minus         6.361320830663e-04  -2.448767438993e-01  -3.223639454783e-02
 0.55     5.500000000000e+02  0.000000000000e+00  -4.175000000000e+01  bottom_mid    -1.381882118920e-04  -2.443037517146e-01  2.423837769350e-04
 0.60     6.000000000000e+02  0.000000000000e+00  0.000000000000e+00  center        -1.273630159293e-04  -1.200388050285e-01  3.586960616463e-04
 0.60     6.000000000000e+02  -2.730000000000e+01  6.150000000000e+01  plus          9.349416796785e-04  6.431624282795e-02  8.417894228559e-02
 0.60     6.000000000000e+02  1.025000000000e+01  -4.100000000000e+01  minus         -6.158418295899e-04  -2.440695550299e-01  -3.215211724869e-02
 0.60     6.000000000000e+02  0.000000000000e+00  -4.100000000000e+01  bottom_mid    -1.303019912463e-04  -2.434883650460e-01  2.477486287035e-04
 0.65     6.500000000000e+02  0.000000000000e+00  0.000000000000e+00  center        -1.529896035268e-04  -1.158390397663e-01  3.307174455765e-04
 0.65     6.500000000000e+02  -2.682500000000e+01  6.037500000000e+01  plus          7.107469106221e-04  6.143849204168e-02  8.083921674249e-02
 0.65     6.500000000000e+02  1.006250000000e+01  -4.025000000000e+01  minus         -2.095288622489e-03  -2.353099178356e-01  -3.098760016684e-02
 0.65     6.500000000000e+02  0.000000000000e+00  -4.025000000000e+01  bottom_mid    -1.142991861654e-04  -2.347326650213e-01  2.100571366932e-04
 0.70     7.000000000000e+02  0.000000000000e+00  0.000000000000e+00  center        -1.689858567955e-04  -1.071733996760e-01  2.882705840981e-04
 0.70     7.000000000000e+02  -2.635000000000e+01  5.925000000000e+01  plus          4.946434212565e-04  5.631521238424e-02  7.448085473488e-02
 0.70     7.000000000000e+02  9.875000000000e+00  -3.950000000000e+01  minus         -3.740649454277e-03  -2.173175696104e-01  -2.857503621937e-02
 0.70     7.000000000000e+02  0.000000000000e+00  -3.950000000000e+01  bottom_mid    -1.358591344159e-04  -2.168128380190e-01  1.522045762090e-04
 0.75     7.500000000000e+02  0.000000000000e+00  0.000000000000e+00  center        -1.737104888919e-04  -9.365604046548e-02  2.335110128634e-04
 0.75     7.500000000000e+02  -2.587500000000e+01  5.812500000000e+01  plus          2.742218409302e-04  4.887561736877e-02  6.500803244428e-02
 0.75     7.500000000000e+02  9.687500000000e+00  -3.875000000000e+01  minus         -5.389275470711e-03  -1.894178907108e-01  -2.484096206127e-02
 0.75     7.500000000000e+02  0.000000000000e+00  -3.875000000000e+01  bottom_mid    -1.938281258012e-04  -1.890606511951e-01  1.009149564539e-04
 0.80     8.000000000000e+02  0.000000000000e+00  0.000000000000e+00  center        -1.659479922264e-04  -7.544584240896e-02  1.701407292073e-04
 0.80     8.000000000000e+02  -2.540000000000e+01  5.700000000000e+01  plus          5.810243211323e-05  3.937068747509e-02  5.263999314751e-02
 0.80     8.000000000000e+02  9.500000000000e+00  -3.800000000000e+01  minus         -6.783153680023e-03  -1.521199248142e-01  -1.987728100870e-02
 0.80     8.000000000000e+02  0.000000000000e+00  -3.800000000000e+01  bottom_mid    -2.420378526166e-04  -1.519180180660e-01  6.618916736522e-05
 0.85     8.500000000000e+02  0.000000000000e+00  0.000000000000e+00  center        -1.449077363265e-04  -5.360580659971e-02  1.040654269858e-04
 0.85     8.500000000000e+02  -2.492500000000e+01  5.587500000000e+01  plus          -1.123343952185e-04  2.848993499658e-02  3.809377718224e-02
 0.85     8.500000000000e+02  9.312500000000e+00  -3.725000000000e+01  minus         -7.553677147696e-03  -1.077819882358e-01  -1.402091969264e-02
 0.85     8.500000000000e+02  0.000000000000e+00  -3.725000000000e+01  bottom_mid    -2.317997750277e-04  -1.076540953607e-01  3.931908419660e-05
 0.90     9.000000000000e+02  0.000000000000e+00  0.000000000000e+00  center        -1.102027688677e-04  -3.053224344792e-02  4.421159428204e-05
 0.90     9.000000000000e+02  -2.445000000000e+01  5.475000000000e+01  plus          -1.883215176816e-04  1.733689732792e-02  2.278697474121e-02
 0.90     9.000000000000e+02  9.125000000000e+00  -3.650000000000e+01  minus         -7.183026658331e-03  -6.135170224873e-02  -7.940086801878e-03
 0.90     9.000000000000e+02  0.000000000000e+00  -3.650000000000e+01  bottom_mid    -1.571841856145e-04  -6.119683827933e-02  9.383005007240e-06
 0.95     9.500000000000e+02  0.000000000000e+00  0.000000000000e+00  center        -6.180832075927e-05  -1.045375342029e-02  3.503492743868e-06
 0.95     9.500000000000e+02  -2.397500000000e+01  5.362500000000e+01  plus          -1.472904418353e-04  7.311763726372e-03  9.002011013008e-03
 0.95     9.500000000000e+02  8.937500000000e+00  -3.575000000000e+01  minus         -4.965720828194e-03  -2.119033287905e-02  -2.727637092392e-03
 0.95     9.500000000000e+02  0.000000000000e+00  -3.575000000000e+01  bottom_mid    -6.271683502260e-05  -2.101410125108e-02  -1.566049536653e-05
 1.00     1.000000000000e+03  0.000000000000e+00  0.000000000000e+00  center        0.000000000000e+00  0.000000000000e+00  0.000000000000e+00
 1.00     1.000000000000e+03  -2.350000000000e+01  5.250000000000e+01  plus          0.000000000000e+00  4.183530429691e-20  0.000000000000e+00
 1.00     1.000000000000e+03  8.750000000000e+00  -3.500000000000e+01  minus         0.000000000000e+00  -2.778346902926e-20  0.000000000000e+00
 1.00     1.000000000000e+03  0.000000000000e+00  -3.500000000000e+01  bottom_mid    0.000000000000e+00  0.000000000000e+00  0.000000000000e+00
