CSF-CUF RESPONSE
======================
problem.type = c_section_table_9_13

STATION RESPONSES
-----------------
x/L       x [mm]             y [mm]               z [mm]               point         ux [mm]             uy [mm]             uz [mm]
 0.00     0.000000000000e+00  0.000000000000e+00  0.000000000000e+00  center        1.052814111478e-16  -3.185766573573e-15  -6.248723649916e-15
 0.00     0.000000000000e+00  -1.000000000000e+03  5.000000000000e+02  plus          3.205349015410e-18  -3.539109633649e-15  -6.948815092973e-15
 0.00     0.000000000000e+00  0.000000000000e+00  -5.000000000000e+02  minus         -7.933833591069e-16  -2.800082030476e-15  -6.256544463387e-15
 0.00     0.000000000000e+00  0.000000000000e+00  -5.000000000000e+02  bottom_mid    -7.933833591069e-16  -2.800082030476e-15  -6.256544463387e-15
 0.10     2.000000000000e+03  0.000000000000e+00  0.000000000000e+00  center        1.051609347873e-06  -9.360725926731e-06  -1.951327996016e-05
 0.10     2.000000000000e+03  -1.000000000000e+03  5.000000000000e+02  plus          1.082861943041e-08  -1.061524070380e-05  -2.248221490205e-05
 0.10     2.000000000000e+03  0.000000000000e+00  -5.000000000000e+02  minus         -8.632615197053e-06  -6.981852776939e-06  -1.978129482299e-05
 0.10     2.000000000000e+03  0.000000000000e+00  -5.000000000000e+02  bottom_mid    -8.632615197053e-06  -6.981852776939e-06  -1.978129482299e-05
 1.00     2.000000000000e+04  0.000000000000e+00  0.000000000000e+00  center        6.080593203215e-06  -7.106592107464e-04  -1.339163720062e-03
 1.00     2.000000000000e+04  -1.000000000000e+03  5.000000000000e+02  plus          2.412054891423e-07  -7.542400171102e-04  -1.423874079898e-03
 1.00     2.000000000000e+04  0.000000000000e+00  -5.000000000000e+02  minus         -4.436518503583e-05  -6.679517752693e-04  -1.340154747422e-03
 1.00     2.000000000000e+04  0.000000000000e+00  -5.000000000000e+02  bottom_mid    -4.436518503583e-05  -6.679517752693e-04  -1.340154747422e-03
