CSF-CUF RESPONSE
======================
problem.type = c_section_table_9_13

STATION RESPONSES
-----------------
x/L       x [mm]             y [mm]               z [mm]               point         ux [mm]             uy [mm]             uz [mm]
 0.00     0.000000000000e+00  0.000000000000e+00  0.000000000000e+00  center        1.060972595021e-16  -3.182864860662e-15  -6.259521804737e-15
 0.00     0.000000000000e+00  -1.000000000000e+03  5.000000000000e+02  plus          5.318179336494e-18  -3.538320382283e-15  -6.985977096835e-15
 0.00     0.000000000000e+00  0.000000000000e+00  -5.000000000000e+02  minus         -7.910504500366e-16  -2.796209893664e-15  -6.254032178025e-15
 0.00     0.000000000000e+00  0.000000000000e+00  -5.000000000000e+02  bottom_mid    -7.910504500366e-16  -2.796209893664e-15  -6.254032178025e-15
 0.10     2.000000000000e+03  0.000000000000e+00  0.000000000000e+00  center        1.051609176835e-06  -9.360723481957e-06  -1.951328044349e-05
 0.10     2.000000000000e+03  -1.000000000000e+03  5.000000000000e+02  plus          1.082839449753e-08  -1.061524097276e-05  -2.248222000627e-05
 0.10     2.000000000000e+03  0.000000000000e+00  -5.000000000000e+02  minus         -8.632615392887e-06  -6.981851797891e-06  -1.978129547182e-05
 0.10     2.000000000000e+03  0.000000000000e+00  -5.000000000000e+02  bottom_mid    -8.632615392887e-06  -6.981851797891e-06  -1.978129547182e-05
 1.00     2.000000000000e+04  0.000000000000e+00  0.000000000000e+00  center        6.080592891730e-06  -7.106592086386e-04  -1.339163727521e-03
 1.00     2.000000000000e+04  -1.000000000000e+03  5.000000000000e+02  plus          2.412022016320e-07  -7.542400078439e-04  -1.423874072004e-03
 1.00     2.000000000000e+04  0.000000000000e+00  -5.000000000000e+02  minus         -4.436518327199e-05  -6.679517843314e-04  -1.340154756832e-03
 1.00     2.000000000000e+04  0.000000000000e+00  -5.000000000000e+02  bottom_mid    -4.436518327199e-05  -6.679517843314e-04  -1.340154756832e-03
