CSF-CUF RESPONSE
======================
problem.type = c_section_table_9_13

STATION RESPONSES
-----------------
x/L       x [mm]             y [mm]               z [mm]               point         ux [mm]             uy [mm]             uz [mm]
 0.00     0.000000000000e+00  0.000000000000e+00  0.000000000000e+00  center        1.080925176856e-16  -3.172570584520e-15  -6.259892507706e-15
 0.00     0.000000000000e+00  -1.000000000000e+03  5.000000000000e+02  plus          -9.476454194448e-18  -3.520444111520e-15  -7.005166593009e-15
 0.00     0.000000000000e+00  0.000000000000e+00  -5.000000000000e+02  minus         -7.980060530188e-16  -2.795792553355e-15  -6.254013253664e-15
 0.00     0.000000000000e+00  0.000000000000e+00  -5.000000000000e+02  bottom_mid    -7.980060530188e-16  -2.795792553355e-15  -6.254013253664e-15
 0.10     2.000000000000e+03  0.000000000000e+00  0.000000000000e+00  center        1.051609432462e-06  -9.360725872653e-06  -1.951328014891e-05
 0.10     2.000000000000e+03  -1.000000000000e+03  5.000000000000e+02  plus          1.082846004600e-08  -1.061524083561e-05  -2.248221467030e-05
 0.10     2.000000000000e+03  0.000000000000e+00  -5.000000000000e+02  minus         -8.632614985405e-06  -6.981853421872e-06  -1.978129483352e-05
 0.10     2.000000000000e+03  0.000000000000e+00  -5.000000000000e+02  bottom_mid    -8.632614985405e-06  -6.981853421872e-06  -1.978129483352e-05
 1.00     2.000000000000e+04  0.000000000000e+00  0.000000000000e+00  center        6.080593454146e-06  -7.106592315048e-04  -1.339163720027e-03
 1.00     2.000000000000e+04  -1.000000000000e+03  5.000000000000e+02  plus          2.412081691908e-07  -7.542399932293e-04  -1.423873987524e-03
 1.00     2.000000000000e+04  0.000000000000e+00  -5.000000000000e+02  minus         -4.436518568969e-05  -6.679518434782e-04  -1.340154748467e-03
 1.00     2.000000000000e+04  0.000000000000e+00  -5.000000000000e+02  bottom_mid    -4.436518568969e-05  -6.679518434782e-04  -1.340154748467e-03
