CSF-CUF RESPONSE
======================
problem.type = c_section_table_9_13

STATION RESPONSES
-----------------
x/L       x [mm]             y [mm]               z [mm]               point         ux [mm]             uy [mm]             uz [mm]
 0.00     0.000000000000e+00  0.000000000000e+00  0.000000000000e+00  center        1.021444484272e-16  -3.180071910351e-15  -6.262493433668e-15
 0.00     0.000000000000e+00  -1.000000000000e+03  5.000000000000e+02  plus          5.483088593800e-18  -3.531714768299e-15  -6.967653472477e-15
 0.00     0.000000000000e+00  0.000000000000e+00  -5.000000000000e+02  minus         -7.852163126841e-16  -2.797181580205e-15  -6.261634988588e-15
 0.00     0.000000000000e+00  0.000000000000e+00  -5.000000000000e+02  bottom_mid    -7.852163126841e-16  -2.797181580205e-15  -6.261634988588e-15
 0.10     2.000000000000e+03  0.000000000000e+00  0.000000000000e+00  center        1.051609405920e-06  -9.360724972950e-06  -1.951327981242e-05
 0.10     2.000000000000e+03  -1.000000000000e+03  5.000000000000e+02  plus          1.082854251475e-08  -1.061524013983e-05  -2.248221446616e-05
 0.10     2.000000000000e+03  0.000000000000e+00  -5.000000000000e+02  minus         -8.632615097250e-06  -6.981854814664e-06  -1.978129501208e-05
 0.10     2.000000000000e+03  0.000000000000e+00  -5.000000000000e+02  bottom_mid    -8.632615097250e-06  -6.981854814664e-06  -1.978129501208e-05
 1.00     2.000000000000e+04  0.000000000000e+00  0.000000000000e+00  center        6.080593952759e-06  -7.106592858019e-04  -1.339163682158e-03
 1.00     2.000000000000e+04  -1.000000000000e+03  5.000000000000e+02  plus          2.412057210104e-07  -7.542399693118e-04  -1.423873796704e-03
 1.00     2.000000000000e+04  0.000000000000e+00  -5.000000000000e+02  minus         -4.436518444409e-05  -6.679519746982e-04  -1.340154709995e-03
 1.00     2.000000000000e+04  0.000000000000e+00  -5.000000000000e+02  bottom_mid    -4.436518444409e-05  -6.679519746982e-04  -1.340154709995e-03
