CSF-CUF RESPONSE
======================
problem.type = c_section_table_9_13

STATION RESPONSES
-----------------
x/L       x [mm]             y [mm]               z [mm]               point         ux [mm]             uy [mm]             uz [mm]
 0.00     0.000000000000e+00  0.000000000000e+00  0.000000000000e+00  center        1.092746432228e-16  -3.167556515878e-15  -6.265544257912e-15
 0.00     0.000000000000e+00  -1.000000000000e+03  5.000000000000e+02  plus          5.264284137322e-18  -3.530752768940e-15  -6.982233041501e-15
 0.00     0.000000000000e+00  0.000000000000e+00  -5.000000000000e+02  minus         -7.888106622377e-16  -2.782701235079e-15  -6.269409986023e-15
 0.00     0.000000000000e+00  0.000000000000e+00  -5.000000000000e+02  bottom_mid    -7.888106622377e-16  -2.782701235079e-15  -6.269409986023e-15
 0.10     2.000000000000e+03  0.000000000000e+00  0.000000000000e+00  center        1.051609301052e-06  -9.360723931634e-06  -1.951327969950e-05
 0.10     2.000000000000e+03  -1.000000000000e+03  5.000000000000e+02  plus          1.082957983619e-08  -1.061524015878e-05  -2.248221595418e-05
 0.10     2.000000000000e+03  0.000000000000e+00  -5.000000000000e+02  minus         -8.632615219450e-06  -6.981854335944e-06  -1.978129497814e-05
 0.10     2.000000000000e+03  0.000000000000e+00  -5.000000000000e+02  bottom_mid    -8.632615219450e-06  -6.981854335944e-06  -1.978129497814e-05
 1.00     2.000000000000e+04  0.000000000000e+00  0.000000000000e+00  center        6.080592444784e-06  -7.106592899305e-04  -1.339163677528e-03
 1.00     2.000000000000e+04  -1.000000000000e+03  5.000000000000e+02  plus          2.412015012385e-07  -7.542399540515e-04  -1.423873749292e-03
 1.00     2.000000000000e+04  0.000000000000e+00  -5.000000000000e+02  minus         -4.436518290615e-05  -6.679519995444e-04  -1.340154707410e-03
 1.00     2.000000000000e+04  0.000000000000e+00  -5.000000000000e+02  bottom_mid    -4.436518290615e-05  -6.679519995444e-04  -1.340154707410e-03
