CSF-CUF RESPONSE
======================
problem.type = torsion_halfwave

STATION RESPONSES
-----------------
x/L       x [mm]             y [mm]               z [mm]               point         ux [mm]             uy [mm]             uz [mm]
 0.00     0.000000000000e+00  0.000000000000e+00  0.000000000000e+00  center        3.093652715890e-20  3.196606731767e-33  4.727977736788e-33
 0.00     0.000000000000e+00  -5.000000000000e+01  5.000000000000e+01  plus          3.093652715890e-20  3.641602644216e-18  2.623715669272e-18
 0.00     0.000000000000e+00  5.000000000000e+01  -5.000000000000e+01  minus         3.093652715890e-20  -3.641602644216e-18  -2.623715669272e-18
 0.00     0.000000000000e+00  0.000000000000e+00  -5.000000000000e+01  bottom_mid    3.093652715890e-20  -3.649978536878e-18  5.912394820744e-21
 0.25     2.500000000000e+02  0.000000000000e+00  0.000000000000e+00  center        2.680047132411e-05  6.325000984793e-18  9.150712519830e-18
 0.25     2.500000000000e+02  -5.000000000000e+01  5.000000000000e+01  plus          2.082222014690e-05  7.780585237133e-03  7.871414870388e-03
 0.25     2.500000000000e+02  5.000000000000e+01  -5.000000000000e+01  minus         2.082222014690e-05  -7.780585237133e-03  -7.871414870388e-03
 0.25     2.500000000000e+02  0.000000000000e+00  -5.000000000000e+01  bottom_mid    2.680047132411e-05  -7.761970967737e-03  -4.522658521031e-05
 0.50     5.000000000000e+02  0.000000000000e+00  0.000000000000e+00  center        1.231791539117e-19  1.245436076832e-17  1.805953383397e-17
 0.50     5.000000000000e+02  -5.000000000000e+01  5.000000000000e+01  plus          4.932601410198e-07  1.100202234837e-02  1.113281654771e-02
 0.50     5.000000000000e+02  5.000000000000e+01  -5.000000000000e+01  minus         4.932601410200e-07  -1.100202234837e-02  -1.113281654771e-02
 0.50     5.000000000000e+02  0.000000000000e+00  -5.000000000000e+01  bottom_mid    3.340999020194e-19  -1.097703335460e-02  -6.529465326885e-05
 0.75     7.500000000000e+02  0.000000000000e+00  0.000000000000e+00  center        -2.680047132411e-05  7.317717840169e-18  1.056336158802e-17
 0.75     7.500000000000e+02  -5.000000000000e+01  5.000000000000e+01  plus          -2.190590839209e-05  7.780556357039e-03  7.871443750482e-03
 0.75     7.500000000000e+02  5.000000000000e+01  -5.000000000000e+01  minus         -2.190590839209e-05  -7.780556357039e-03  -7.871443750482e-03
 0.75     7.500000000000e+02  0.000000000000e+00  -5.000000000000e+01  bottom_mid    -2.680047132411e-05  -7.761942087643e-03  -4.522658521031e-05
 1.00     1.000000000000e+03  0.000000000000e+00  0.000000000000e+00  center        1.167416119204e-21  -1.280163829270e-33  2.534323083111e-33
 1.00     1.000000000000e+03  -5.000000000000e+01  5.000000000000e+01  plus          3.236693396015e-19  6.405094389133e-21  2.828256908234e-18
 1.00     1.000000000000e+03  5.000000000000e+01  -5.000000000000e+01  minus         3.236693396015e-19  -6.405094389136e-21  -2.828256908234e-18
 1.00     1.000000000000e+03  0.000000000000e+00  -5.000000000000e+01  bottom_mid    1.167416119204e-21  -1.280163829270e-33  -8.868592231107e-21
